1.016800,0.151743,WANDER,FORWARD,SUSCEPTIBLE
0.993790,0.147729,WANDER,FORWARD,SUSCEPTIBLE
0.964237,0.142573,WANDER,FORWARD,SUSCEPTIBLE
0.934683,0.137417,WANDER,FORWARD,SUSCEPTIBLE
0.905129,0.132261,WANDER,FORWARD,SUSCEPTIBLE
0.875576,0.127106,WANDER,FORWARD,SUSCEPTIBLE
0.846022,0.121950,WANDER,FORWARD,SUSCEPTIBLE
0.816469,0.116794,DIR_RIGHT,TURN_RIGHT,SUSCEPTIBLE
0.799616,0.113854,DIR_RIGHT,TURN_RIGHT,SUSCEPTIBLE
0.784641,0.113868,DIR_RIGHT,TURN_RIGHT,SUSCEPTIBLE
0.770011,0.117034,DIR_RIGHT,TURN_RIGHT,SUSCEPTIBLE
0.756388,0.123239,DIR_RIGHT,TURN_RIGHT,SUSCEPTIBLE
0.744396,0.132199,DIR_RIGHT,TURN_RIGHT,SUSCEPTIBLE
0.734584,0.143503,DIR_RIGHT,TURN_RIGHT,SUSCEPTIBLE
0.727401,0.156636,DIR_RIGHT,TURN_RIGHT,SUSCEPTIBLE
0.723174,0.170996,DIR_RIGHT,TURN_RIGHT,SUSCEPTIBLE
0.722098,0.185926,DIR_RIGHT,TURN_RIGHT,SUSCEPTIBLE
0.724221,0.200744,DIR_RIGHT,TURN_RIGHT,SUSCEPTIBLE
0.729447,0.214771,DIR_RIGHT,TURN_RIGHT,SUSCEPTIBLE
0.737536,0.227367,DIR_RIGHT,TURN_RIGHT,SUSCEPTIBLE
0.748118,0.237954,DIR_RIGHT,TURN_RIGHT,SUSCEPTIBLE
0.760710,0.246049,FOLLOW,FORWARD,SUSCEPTIBLE
0.786812,0.255640,DIR_LEFT,TURN_LEFT,SUSCEPTIBLE
0.803053,0.261015,DIR_LEFT,TURN_LEFT,SUSCEPTIBLE
0.816280,0.268036,DIR_LEFT,TURN_LEFT,SUSCEPTIBLE
0.827728,0.277681,DIR_LEFT,TURN_LEFT,SUSCEPTIBLE
0.836863,0.289539,DIR_LEFT,TURN_LEFT,SUSCEPTIBLE
0.843267,0.303069,DIR_LEFT,TURN_LEFT,SUSCEPTIBLE
0.846647,0.317652,FOLLOW,FORWARD,SUSCEPTIBLE
0.846887,0.345460,WANDER,FORWARD,SUSCEPTIBLE
0.846074,0.375448,WANDER,FORWARD,SUSCEPTIBLE
0.845197,0.405436,WANDER,FORWARD,SUSCEPTIBLE
0.844321,0.435423,WANDER,FORWARD,SUSCEPTIBLE
0.843444,0.465410,DIR_RIGHT,TURN_RIGHT,SUSCEPTIBLE
0.842944,0.482510,DIR_RIGHT,TURN_RIGHT,SUSCEPTIBLE
0.845099,0.497329,DIR_RIGHT,TURN_RIGHT,SUSCEPTIBLE
0.850325,0.511356,DIR_RIGHT,TURN_RIGHT,SUSCEPTIBLE
0.858414,0.523951,DIR_LEFT,TURN_LEFT,SUSCEPTIBLE
0.868996,0.534539,DIR_RIGHT,TURN_RIGHT,SUSCEPTIBLE
0.878088,0.546445,DIR_RIGHT,TURN_RIGHT,SUSCEPTIBLE
0.888723,0.556995,DIR_RIGHT,TURN_RIGHT,SUSCEPTIBLE
0.901314,0.565089,DIR_RIGHT,TURN_RIGHT,SUSCEPTIBLE
0.915339,0.570321,DIR_RIGHT,TURN_RIGHT,SUSCEPTIBLE
0.930156,0.572451,DIR_RIGHT,TURN_RIGHT,SUSCEPTIBLE
0.945087,0.571381,DIR_LEFT,TURN_LEFT,SUSCEPTIBLE
0.952718,0.567533,DIR_LEFT,TURN_LEFT,SUSCEPTIBLE
0.954900,0.565815,DIR_LEFT,TURN_LEFT,SUSCEPTIBLE
0.959618,0.567665,DIR_LEFT,TURN_LEFT,SUSCEPTIBLE
0.968052,0.572927,DIR_LEFT,TURN_LEFT,SUSCEPTIBLE
0.980941,0.580039,DIR_LEFT,TURN_LEFT,SUSCEPTIBLE
0.992389,0.589684,DIR_LEFT,TURN_LEFT,SUSCEPTIBLE
1.001523,0.601543,DIR_LEFT,TURN_LEFT,SUSCEPTIBLE
1.007927,0.615073,DIR_LEFT,TURN_LEFT,SUSCEPTIBLE
1.011308,0.629655,FOLLOW,FORWARD,SUSCEPTIBLE
1.011547,0.657463,FOLLOW,FORWARD,SUSCEPTIBLE
1.010735,0.687452,WANDER,FORWARD,SUSCEPTIBLE
1.009858,0.717439,WANDER,FORWARD,SUSCEPTIBLE
1.008981,0.747426,WANDER,FORWARD,SUSCEPTIBLE
1.008105,0.777413,WANDER,FORWARD,SUSCEPTIBLE
1.007228,0.807400,DIR_RIGHT,TURN_RIGHT,SUSCEPTIBLE
1.006728,0.824500,DIR_RIGHT,TURN_RIGHT,SUSCEPTIBLE
1.008883,0.839319,DIR_RIGHT,TURN_RIGHT,SUSCEPTIBLE
1.014109,0.853347,DIR_RIGHT,TURN_RIGHT,SUSCEPTIBLE
1.022198,0.865942,DIR_RIGHT,TURN_RIGHT,SUSCEPTIBLE
1.032780,0.876529,DIR_RIGHT,TURN_RIGHT,SUSCEPTIBLE
1.045372,0.884624,WANDER,FORWARD,SUSCEPTIBLE
1.071475,0.894215,WANDER,FORWARD,SUSCEPTIBLE
1.099985,0.903551,WANDER,FORWARD,SUSCEPTIBLE
1.128515,0.912826,WANDER,FORWARD,SUSCEPTIBLE
1.157045,0.922101,WANDER,FORWARD,SUSCEPTIBLE
1.185575,0.931376,WANDER,FORWARD,SUSCEPTIBLE
1.214106,0.940650,WANDER,FORWARD,SUSCEPTIBLE
1.242636,0.949925,WANDER,FORWARD,SUSCEPTIBLE
1.271166,0.959200,WANDER,FORWARD,SUSCEPTIBLE
1.299697,0.968475,WANDER,FORWARD,SUSCEPTIBLE
1.328227,0.977750,WANDER,FORWARD,SUSCEPTIBLE
1.356757,0.987025,WANDER,FORWARD,SUSCEPTIBLE
1.385287,0.996299,WANDER,FORWARD,SUSCEPTIBLE
1.413818,1.005574,WANDER,FORWARD,SUSCEPTIBLE
1.442348,1.014849,WANDER,FORWARD,SUSCEPTIBLE
1.470878,1.024124,WANDER,FORWARD,SUSCEPTIBLE
1.499409,1.033399,WANDER,FORWARD,SUSCEPTIBLE
1.527939,1.042674,WANDER,FORWARD,SUSCEPTIBLE
1.556469,1.051948,DIR_RIGHT,TURN_RIGHT,SUSCEPTIBLE
1.572738,1.057237,DIR_RIGHT,TURN_RIGHT,SUSCEPTIBLE
1.587565,1.059337,DIR_RIGHT,TURN_RIGHT,SUSCEPTIBLE
1.602496,1.058267,DIR_RIGHT,TURN_RIGHT,SUSCEPTIBLE
1.616858,1.054047,WANDER,FORWARD,SUSCEPTIBLE
1.641196,1.040592,WANDER,FORWARD,SUSCEPTIBLE
1.666916,1.025151,WANDER,FORWARD,SUSCEPTIBLE
1.692604,1.009654,WANDER,TURN_RIGHT,SUSCEPTIBLE
1.707252,1.000817,WANDER,FORWARD,SUSCEPTIBLE
1.728153,0.982450,WANDER,FORWARD,SUSCEPTIBLE
1.750001,0.961892,WANDER,FORWARD,SUSCEPTIBLE
1.771806,0.941287,WANDER,FORWARD,SUSCEPTIBLE
1.793610,0.920682,WANDER,FORWARD,SUSCEPTIBLE
1.815415,0.900077,WANDER,FORWARD,SUSCEPTIBLE
1.837219,0.879472,WANDER,FORWARD,SUSCEPTIBLE
1.859024,0.858867,WANDER,FORWARD,SUSCEPTIBLE
1.880828,0.838263,WANDER,FORWARD,SUSCEPTIBLE
1.902633,0.817658,WANDER,FORWARD,SUSCEPTIBLE
1.924437,0.797053,WANDER,FORWARD,SUSCEPTIBLE
1.946242,0.776448,WANDER,FORWARD,SUSCEPTIBLE
1.968047,0.755843,WANDER,FORWARD,SUSCEPTIBLE
1.989851,0.735238,WANDER,FORWARD,SUSCEPTIBLE
2.011656,0.714633,WANDER,FORWARD,SUSCEPTIBLE
2.033460,0.694028,WANDER,FORWARD,SUSCEPTIBLE
2.055265,0.673423,WANDER,TURN_LEFT,SUSCEPTIBLE
2.067699,0.661674,WANDER,FORWARD,SUSCEPTIBLE
2.090988,0.646449,WANDER,FORWARD,SUSCEPTIBLE
2.116642,0.630897,DIR_LEFT,TURN_LEFT,SUSCEPTIBLE
2.131290,0.622060,DIR_LEFT,TURN_LEFT,SUSCEPTIBLE
2.145256,0.616656,DIR_LEFT,TURN_LEFT,SUSCEPTIBLE
2.160041,0.614316,DIR_LEFT,TURN_LEFT,SUSCEPTIBLE
2.174986,0.615173,DIR_LEFT,TURN_LEFT,SUSCEPTIBLE
2.189406,0.619188,DIR_LEFT,TURN_LEFT,SUSCEPTIBLE
2.202643,0.626178,DIR_LEFT,TURN_LEFT,SUSCEPTIBLE
2.214090,0.635823,DIR_LEFT,TURN_LEFT,SUSCEPTIBLE
2.223225,0.647682,DIR_LEFT,TURN_LEFT,SUSCEPTIBLE
2.229629,0.661212,DIR_LEFT,TURN_LEFT,SUSCEPTIBLE
2.233010,0.675794,FOLLOW,FORWARD,SUSCEPTIBLE
2.233249,0.703603,WANDER,FORWARD,SUSCEPTIBLE
2.232437,0.733591,WANDER,FORWARD,SUSCEPTIBLE
2.231560,0.763578,WANDER,FORWARD,SUSCEPTIBLE
2.230683,0.793566,WANDER,FORWARD,SUSCEPTIBLE
2.229807,0.823553,WANDER,FORWARD,SUSCEPTIBLE
2.228930,0.853540,WANDER,FORWARD,SUSCEPTIBLE
2.228053,0.883527,WANDER,FORWARD,SUSCEPTIBLE
2.227176,0.913514,WANDER,TURN_LEFT,SUSCEPTIBLE
2.226676,0.930614,WANDER,FORWARD,SUSCEPTIBLE
2.220948,0.957843,WANDER,FORWARD,SUSCEPTIBLE
2.213777,0.986973,WANDER,TURN_RIGHT,SUSCEPTIBLE
2.209652,1.003575,WANDER,TURN_RIGHT,SUSCEPTIBLE
2.208607,1.018513,WANDER,FORWARD,SUSCEPTIBLE
2.212687,1.046022,WANDER,TURN_LEFT,SUSCEPTIBLE
2.215745,1.062853,WANDER,FORWARD,SUSCEPTIBLE
2.215938,1.090677,WANDER,FORWARD,SUSCEPTIBLE
2.215126,1.120666,WANDER,FORWARD,SUSCEPTIBLE
2.214249,1.150653,WANDER,FORWARD,SUSCEPTIBLE
2.213372,1.180640,WANDER,FORWARD,SUSCEPTIBLE
2.212496,1.210627,WANDER,FORWARD,SUSCEPTIBLE
2.211619,1.240614,WANDER,FORWARD,SUSCEPTIBLE
2.210742,1.270602,WANDER,FORWARD,SUSCEPTIBLE
2.209865,1.300589,WANDER,FORWARD,SUSCEPTIBLE
2.208989,1.330576,WANDER,FORWARD,SUSCEPTIBLE
2.208112,1.360563,WANDER,FORWARD,SUSCEPTIBLE
2.207235,1.390550,WANDER,FORWARD,SUSCEPTIBLE
2.206359,1.420538,WANDER,FORWARD,SUSCEPTIBLE
2.205482,1.450525,WANDER,FORWARD,SUSCEPTIBLE
2.204605,1.480512,WANDER,FORWARD,SUSCEPTIBLE
2.203728,1.510499,WANDER,FORWARD,SUSCEPTIBLE
2.202852,1.540486,WANDER,FORWARD,SUSCEPTIBLE
2.201975,1.570473,WANDER,FORWARD,SUSCEPTIBLE
2.201098,1.600461,WANDER,FORWARD,SUSCEPTIBLE
2.200221,1.630448,WANDER,FORWARD,SUSCEPTIBLE
2.199345,1.660435,WANDER,TURN_LEFT,SUSCEPTIBLE
2.198845,1.677535,WANDER,FORWARD,SUSCEPTIBLE
2.193116,1.704764,WANDER,FORWARD,SUSCEPTIBLE
2.185946,1.733893,DIR_LEFT,TURN_LEFT,SUSCEPTIBLE
2.181821,1.750496,DIR_LEFT,TURN_LEFT,SUSCEPTIBLE
2.175753,1.764186,DIR_LEFT,TURN_LEFT,SUSCEPTIBLE
2.166942,1.776288,DIR_LEFT,TURN_LEFT,SUSCEPTIBLE
2.155759,1.786238,DIR_LEFT,TURN_LEFT,SUSCEPTIBLE
2.142716,1.793584,DIR_LEFT,TURN_LEFT,SUSCEPTIBLE
2.128410,1.797987,FOLLOW,FORWARD,SUSCEPTIBLE
2.100688,1.800193,FOLLOW,FORWARD,SUSCEPTIBLE
2.070717,1.801504,WANDER,TURN_RIGHT,SUSCEPTIBLE
2.053625,1.802215,WANDER,FORWARD,SUSCEPTIBLE
2.026469,1.808279,WANDER,FORWARD,SUSCEPTIBLE
1.997430,1.815808,WANDER,FORWARD,SUSCEPTIBLE
1.968406,1.823401,WANDER,FORWARD,SUSCEPTIBLE
1.939383,1.830993,WANDER,FORWARD,SUSCEPTIBLE
1.910359,1.838585,WANDER,FORWARD,SUSCEPTIBLE
1.881336,1.846177,WANDER,TURN_RIGHT,SUSCEPTIBLE
1.864786,1.850506,WANDER,FORWARD,SUSCEPTIBLE
1.839540,1.862206,WANDER,FORWARD,SUSCEPTIBLE
1.812767,1.875739,WANDER,FORWARD,SUSCEPTIBLE
1.786021,1.889329,WANDER,FORWARD,SUSCEPTIBLE
1.759276,1.902920,WANDER,TURN_RIGHT,SUSCEPTIBLE
1.744025,1.910669,WANDER,FORWARD,SUSCEPTIBLE
1.721845,1.927470,WANDER,FORWARD,SUSCEPTIBLE
1.698561,1.946387,WANDER,FORWARD,SUSCEPTIBLE
1.675318,1.965353,WANDER,FORWARD,SUSCEPTIBLE
1.652075,1.984320,WANDER,FORWARD,SUSCEPTIBLE
1.628831,2.003287,WANDER,FORWARD,SUSCEPTIBLE
1.605588,2.022254,WANDER,FORWARD,SUSCEPTIBLE
1.582344,2.041221,WANDER,TURN_LEFT,SUSCEPTIBLE
1.569090,2.052036,WANDER,FORWARD,SUSCEPTIBLE
1.544756,2.065530,WANDER,FORWARD,SUSCEPTIBLE
1.518040,2.079177,WANDER,FORWARD,SUSCEPTIBLE
1.491295,2.092768,WANDER,FORWARD,SUSCEPTIBLE
1.464550,2.106358,WANDER,FORWARD,SUSCEPTIBLE
1.437805,2.119948,WANDER,FORWARD,SUSCEPTIBLE
1.411060,2.133538,WANDER,TURN_RIGHT,SUSCEPTIBLE
1.395809,2.141288,WANDER,FORWARD,SUSCEPTIBLE
1.373628,2.158089,WANDER,TURN_RIGHT,SUSCEPTIBLE
1.360317,2.168834,WANDER,TURN_LEFT,SUSCEPTIBLE
1.350525,2.180164,WANDER,FORWARD,SUSCEPTIBLE
1.329576,2.198498,WANDER,TURN_LEFT,SUSCEPTIBLE
1.316379,2.209383,WANDER,FORWARD,SUSCEPTIBLE
1.292045,2.222877,WANDER,FORWARD,SUSCEPTIBLE
1.265330,2.236524,WANDER,FORWARD,SUSCEPTIBLE
1.238585,2.250114,WANDER,TURN_RIGHT,SUSCEPTIBLE
1.223334,2.257864,WANDER,FORWARD,SUSCEPTIBLE
1.201154,2.274665,WANDER,FORWARD,SUSCEPTIBLE
1.177870,2.293581,WANDER,FORWARD,SUSCEPTIBLE
1.154626,2.312548,WANDER,FORWARD,SUSCEPTIBLE
1.131383,2.331515,WANDER,FORWARD,SUSCEPTIBLE
1.108140,2.350482,WANDER,FORWARD,SUSCEPTIBLE
1.084896,2.369449,WANDER,FORWARD,SUSCEPTIBLE
1.061653,2.388416,WANDER,TURN_RIGHT,SUSCEPTIBLE
1.048398,2.399231,WANDER,FORWARD,SUSCEPTIBLE
1.030298,2.420364,WANDER,FORWARD,SUSCEPTIBLE
1.011570,2.443800,WANDER,FORWARD,SUSCEPTIBLE
0.992891,2.467275,WANDER,FORWARD,SUSCEPTIBLE
0.974213,2.490751,WANDER,FORWARD,SUSCEPTIBLE
0.955534,2.514227,WANDER,FORWARD,SUSCEPTIBLE
0.936855,2.537703,WANDER,FORWARD,SUSCEPTIBLE
0.918177,2.561178,WANDER,TURN_LEFT,SUSCEPTIBLE
0.907526,2.574565,WANDER,FORWARD,SUSCEPTIBLE
0.886617,2.592925,DIR_RIGHT,TURN_RIGHT,SUSCEPTIBLE
0.873421,2.603810,DIR_RIGHT,TURN_RIGHT,SUSCEPTIBLE
0.863629,2.615140,DIR_RIGHT,TURN_RIGHT,SUSCEPTIBLE
0.856445,2.628272,DIR_RIGHT,TURN_RIGHT,SUSCEPTIBLE
0.852218,2.642632,DIR_RIGHT,TURN_RIGHT,SUSCEPTIBLE
0.851142,2.657563,DIR_RIGHT,TURN_RIGHT,SUSCEPTIBLE
0.853265,2.672380,DIR_RIGHT,TURN_RIGHT,SUSCEPTIBLE
0.858491,2.686408,WANDER,FORWARD,SUSCEPTIBLE
0.873633,2.709733,WANDER,FORWARD,SUSCEPTIBLE
0.890855,2.734297,WANDER,TURN_LEFT,SUSCEPTIBLE
0.900706,2.748283,DIR_LEFT,TURN_LEFT,SUSCEPTIBLE
0.907084,2.761832,DIR_LEFT,TURN_LEFT,SUSCEPTIBLE
0.910465,2.776414,DIR_LEFT,TURN_LEFT,SUSCEPTIBLE
0.910667,2.791382,DIR_LEFT,TURN_LEFT,SUSCEPTIBLE
0.907682,2.806050,DIR_LEFT,TURN_LEFT,SUSCEPTIBLE
0.901645,2.819748,DIR_LEFT,TURN_LEFT,SUSCEPTIBLE
0.892834,2.831849,DIR_LEFT,TURN_LEFT,SUSCEPTIBLE
0.881651,2.841800,FOLLOW,FORWARD,SUSCEPTIBLE
0.857354,2.855327,FOLLOW,FORWARD,SUSCEPTIBLE
0.830638,2.868974,DIR_LEFT,TURN_LEFT,SUSCEPTIBLE
0.815387,2.876724,FOLLOW,FORWARD,SUSCEPTIBLE
0.788740,2.884734,WANDER,FORWARD,SUSCEPTIBLE
0.759734,2.892388,WANDER,FORWARD,SUSCEPTIBLE
0.730710,2.899980,WANDER,TURN_LEFT,SUSCEPTIBLE
0.714160,2.904310,WANDER,FORWARD,SUSCEPTIBLE
0.686419,2.906470,WANDER,FORWARD,SUSCEPTIBLE
0.656448,2.907781,WANDER,FORWARD,SUSCEPTIBLE
0.626474,2.909028,WANDER,TURN_LEFT,SUSCEPTIBLE
0.609382,2.909739,WANDER,FORWARD,SUSCEPTIBLE
0.581816,2.905951,WANDER,FORWARD,SUSCEPTIBLE
0.552252,2.900858,WANDER,FORWARD,SUSCEPTIBLE
0.522698,2.895703,WANDER,FORWARD,SUSCEPTIBLE
0.493145,2.890547,WANDER,FORWARD,SUSCEPTIBLE
0.463591,2.885391,WANDER,FORWARD,SUSCEPTIBLE
0.434038,2.880235,WANDER,FORWARD,SUSCEPTIBLE
0.404484,2.875079,WANDER,FORWARD,SUSCEPTIBLE
0.374930,2.869924,WANDER,TURN_LEFT,SUSCEPTIBLE
0.358078,2.866983,WANDER,FORWARD,SUSCEPTIBLE
0.331948,2.857420,WANDER,FORWARD,SUSCEPTIBLE
0.304143,2.846158,WANDER,FORWARD,SUSCEPTIBLE
0.276362,2.834835,DIR_LEFT,TURN_LEFT,SUSCEPTIBLE
0.260520,2.828379,DIR_LEFT,TURN_LEFT,SUSCEPTIBLE
0.247837,2.820416,DIR_LEFT,TURN_LEFT,SUSCEPTIBLE
0.237120,2.809965,DIR_LEFT,TURN_LEFT,SUSCEPTIBLE
0.228871,2.797474,DIR_LEFT,TURN_LEFT,SUSCEPTIBLE
0.223466,2.783515,DIR_LEFT,TURN_LEFT,SUSCEPTIBLE
0.221154,2.768725,DIR_LEFT,TURN_LEFT,SUSCEPTIBLE
0.222039,2.753782,DIR_LEFT,TURN_LEFT,SUSCEPTIBLE
0.226082,2.739370,WANDER,TURN_LEFT,SUSCEPTIBLE
0.233097,2.726146,WANDER,TURN_LEFT,SUSCEPTIBLE
0.242764,2.714717,WANDER,TURN_LEFT,SUSCEPTIBLE
0.254640,2.705604,WANDER,FORWARD,SUSCEPTIBLE
0.279856,2.693878,WANDER,FORWARD,SUSCEPTIBLE
0.307492,2.682207,DIR_RIGHT,TURN_RIGHT,SUSCEPTIBLE
0.323266,2.675586,DIR_RIGHT,TURN_RIGHT,SUSCEPTIBLE
0.335864,2.667491,DIR_RIGHT,TURN_RIGHT,SUSCEPTIBLE
0.346472,2.656929,DIR_RIGHT,TURN_RIGHT,SUSCEPTIBLE
0.354590,2.644352,DIR_RIGHT,TURN_RIGHT,SUSCEPTIBLE
0.359848,2.630337,WANDER,FORWARD,SUSCEPTIBLE
0.363722,2.602799,WANDER,FORWARD,SUSCEPTIBLE
0.366839,2.572962,WANDER,FORWARD,SUSCEPTIBLE
0.369891,2.543118,WANDER,FORWARD,SUSCEPTIBLE
0.372943,2.513273,WANDER,FORWARD,SUSCEPTIBLE
0.375996,2.483429,WANDER,FORWARD,SUSCEPTIBLE
0.379048,2.453585,WANDER,FORWARD,SUSCEPTIBLE
0.382100,2.423740,WANDER,FORWARD,SUSCEPTIBLE
0.385153,2.393896,WANDER,FORWARD,SUSCEPTIBLE
0.388205,2.364052,WANDER,FORWARD,SUSCEPTIBLE
0.391257,2.334207,WANDER,FORWARD,SUSCEPTIBLE
0.394310,2.304363,WANDER,FORWARD,SUSCEPTIBLE
0.397362,2.274519,WANDER,FORWARD,SUSCEPTIBLE
0.400414,2.244674,WANDER,FORWARD,SUSCEPTIBLE
0.403467,2.214830,WANDER,FORWARD,SUSCEPTIBLE
0.406519,2.184986,WANDER,TURN_LEFT,SUSCEPTIBLE
0.408260,2.167967,WANDER,TURN_RIGHT,SUSCEPTIBLE
0.412334,2.153558,WANDER,FORWARD,SUSCEPTIBLE
0.416120,2.125977,WANDER,FORWARD,SUSCEPTIBLE
0.419237,2.096140,WANDER,FORWARD,SUSCEPTIBLE
0.422289,2.066296,WANDER,FORWARD,SUSCEPTIBLE
0.425341,2.036452,WANDER,FORWARD,SUSCEPTIBLE
0.428394,2.006607,WANDER,FORWARD,SUSCEPTIBLE
0.431446,1.976763,WANDER,TURN_LEFT,SUSCEPTIBLE
0.433187,1.959745,WANDER,FORWARD,SUSCEPTIBLE
0.440877,1.933004,WANDER,FORWARD,SUSCEPTIBLE
0.450145,1.904472,WANDER,FORWARD,SUSCEPTIBLE
0.459474,1.875959,WANDER,FORWARD,SUSCEPTIBLE
0.468803,1.847446,WANDER,FORWARD,SUSCEPTIBLE
0.478132,1.818934,WANDER,FORWARD,SUSCEPTIBLE
0.487461,1.790421,DIR_LEFT,TURN_LEFT,SUSCEPTIBLE
0.492780,1.774162,DIR_LEFT,TURN_LEFT,SUSCEPTIBLE
0.499826,1.760948,DIR_LEFT,TURN_LEFT,SUSCEPTIBLE
0.509493,1.749519,DIR_LEFT,TURN_LEFT,SUSCEPTIBLE
0.521369,1.740407,DIR_LEFT,TURN_LEFT,SUSCEPTIBLE
0.534911,1.734028,DIR_LEFT,TURN_LEFT,SUSCEPTIBLE
0.549500,1.730675,DIR_LEFT,TURN_LEFT,SUSCEPTIBLE
0.564468,1.730502,DIR_LEFT,TURN_LEFT,SUSCEPTIBLE
0.579131,1.733515,DIR_LEFT,TURN_LEFT,SUSCEPTIBLE
0.592817,1.739577,DIR_LEFT,TURN_LEFT,SUSCEPTIBLE
0.604902,1.748411,WANDER,FORWARD,SUSCEPTIBLE
0.623246,1.769311,WANDER,FORWARD,SUSCEPTIBLE
0.642218,1.792550,WANDER,TURN_RIGHT,SUSCEPTIBLE
0.653009,1.805825,WANDER,FORWARD,SUSCEPTIBLE
0.674108,1.823965,WANDER,FORWARD,SUSCEPTIBLE
0.697507,1.842738,WANDER,FORWARD,SUSCEPTIBLE
0.720948,1.861461,WANDER,FORWARD,SUSCEPTIBLE
0.744388,1.880184,WANDER,FORWARD,SUSCEPTIBLE
0.767828,1.898907,WANDER,FORWARD,SUSCEPTIBLE
0.791268,1.917630,WANDER,FORWARD,SUSCEPTIBLE
0.814709,1.936353,WANDER,FORWARD,SUSCEPTIBLE
0.838149,1.955076,WANDER,FORWARD,SUSCEPTIBLE
0.861589,1.973799,WANDER,TURN_LEFT,SUSCEPTIBLE
0.874956,1.984476,WANDER,FORWARD,SUSCEPTIBLE
0.893276,2.005419,WANDER,FORWARD,SUSCEPTIBLE
0.912248,2.028657,WANDER,FORWARD,SUSCEPTIBLE
0.931170,2.051936,WANDER,FORWARD,SUSCEPTIBLE
0.950093,2.075216,WANDER,TURN_RIGHT,SUSCEPTIBLE
0.960884,2.088491,WANDER,TURN_RIGHT,SUSCEPTIBLE
0.972195,2.098304,WANDER,TURN_LEFT,SUSCEPTIBLE
0.985314,2.105513,WANDER,FORWARD,SUSCEPTIBLE
1.007652,2.122126,WANDER,TURN_RIGHT,SUSCEPTIBLE
1.021074,2.132732,WANDER,FORWARD,SUSCEPTIBLE
1.045548,2.145971,WANDER,FORWARD,SUSCEPTIBLE
1.072405,2.159338,WANDER,FORWARD,SUSCEPTIBLE
1.099290,2.172649,WANDER,FORWARD,SUSCEPTIBLE
1.126176,2.185959,WANDER,FORWARD,SUSCEPTIBLE
1.153061,2.199269,WANDER,TURN_LEFT,SUSCEPTIBLE
1.168393,2.206859,WANDER,TURN_LEFT,SUSCEPTIBLE
1.180463,2.215722,WANDER,FORWARD,SUSCEPTIBLE
1.198808,2.236623,WANDER,FORWARD,SUSCEPTIBLE
1.217780,2.259861,WANDER,FORWARD,SUSCEPTIBLE
1.236703,2.283140,WANDER,FORWARD,SUSCEPTIBLE
1.255625,2.306420,WANDER,FORWARD,SUSCEPTIBLE
1.274548,2.329699,DIR_LEFT,TURN_LEFT,SUSCEPTIBLE
1.285338,2.342974,DIR_LEFT,TURN_LEFT,SUSCEPTIBLE
1.292634,2.356052,DIR_LEFT,TURN_LEFT,SUSCEPTIBLE
1.297011,2.370367,DIR_LEFT,TURN_LEFT,SUSCEPTIBLE
1.298243,2.385285,DIR_LEFT,TURN_LEFT,SUSCEPTIBLE
1.296274,2.400124,DIR_LEFT,TURN_LEFT,SUSCEPTIBLE
1.291196,2.414205,WANDER,TURN_LEFT,SUSCEPTIBLE
1.283239,2.426884,WANDER,FORWARD,SUSCEPTIBLE
1.263688,2.446661,WANDER,FORWARD,SUSCEPTIBLE
1.241850,2.467230,WANDER,FORWARD,SUSCEPTIBLE
1.219967,2.487752,WANDER,FORWARD,SUSCEPTIBLE
1.198085,2.508274,WANDER,FORWARD,SUSCEPTIBLE
1.176202,2.528796,WANDER,FORWARD,SUSCEPTIBLE
1.154320,2.549318,WANDER,FORWARD,SUSCEPTIBLE
1.132437,2.569840,WANDER,FORWARD,SUSCEPTIBLE
1.110555,2.590362,WANDER,TURN_RIGHT,SUSCEPTIBLE
1.098076,2.602064,WANDER,FORWARD,SUSCEPTIBLE
1.081474,2.624394,WANDER,FORWARD,SUSCEPTIBLE
1.064403,2.649062,WANDER,FORWARD,SUSCEPTIBLE
1.047385,2.673768,WANDER,FORWARD,SUSCEPTIBLE
1.030367,2.698474,WANDER,FORWARD,SUSCEPTIBLE
1.013349,2.723180,WANDER,FORWARD,SUSCEPTIBLE
0.996331,2.747886,WANDER,FORWARD,SUSCEPTIBLE
0.979313,2.772592,WANDER,FORWARD,SUSCEPTIBLE
0.962295,2.797298,WANDER,FORWARD,SUSCEPTIBLE
0.945277,2.822004,WANDER,FORWARD,SUSCEPTIBLE
0.928259,2.846710,WANDER,FORWARD,SUSCEPTIBLE
0.911241,2.871416,WANDER,FORWARD,SUSCEPTIBLE
0.894223,2.896122,WANDER,FORWARD,SUSCEPTIBLE
0.877205,2.920828,WANDER,FORWARD,SUSCEPTIBLE
0.860187,2.945534,WANDER,FORWARD,SUSCEPTIBLE
0.843168,2.970240,WANDER,FORWARD,SUSCEPTIBLE
0.826150,2.994946,WANDER,FORWARD,SUSCEPTIBLE
0.809132,3.019652,WANDER,FORWARD,SUSCEPTIBLE
0.792114,3.044358,DIR_RIGHT,TURN_RIGHT,SUSCEPTIBLE
0.782410,3.058446,DIR_RIGHT,TURN_RIGHT,SUSCEPTIBLE
0.776174,3.072061,DIR_RIGHT,TURN_RIGHT,SUSCEPTIBLE
0.772946,3.086678,WANDER,FORWARD,SUSCEPTIBLE
0.772997,3.114487,WANDER,FORWARD,SUSCEPTIBLE
0.774122,3.144465,WANDER,FORWARD,SUSCEPTIBLE
0.775312,3.174442,WANDER,TURN_LEFT,SUSCEPTIBLE
0.775991,3.191536,WANDER,FORWARD,SUSCEPTIBLE
0.772150,3.219094,WANDER,TURN_RIGHT,SUSCEPTIBLE
0.769267,3.235956,WANDER,FORWARD,SUSCEPTIBLE
0.769365,3.263781,WANDER,FORWARD,SUSCEPTIBLE
0.770491,3.293759,WANDER,FORWARD,SUSCEPTIBLE
0.771681,3.323736,WANDER,FORWARD,SUSCEPTIBLE
0.772870,3.353712,WANDER,FORWARD,SUSCEPTIBLE
0.774060,3.383688,WANDER,FORWARD,SUSCEPTIBLE
0.775250,3.413665,WANDER,FORWARD,SUSCEPTIBLE
0.776440,3.443641,WANDER,FORWARD,SUSCEPTIBLE
0.777630,3.473618,WANDER,TURN_RIGHT,SUSCEPTIBLE
0.778308,3.490711,WANDER,FORWARD,SUSCEPTIBLE
0.784321,3.517879,WANDER,TURN_LEFT,SUSCEPTIBLE
0.788531,3.534459,WANDER,TURN_LEFT,SUSCEPTIBLE
0.789732,3.549386,WANDER,FORWARD,SUSCEPTIBLE
0.785940,3.576936,WANDER,FORWARD,SUSCEPTIBLE
0.780792,3.606490,WANDER,FORWARD,SUSCEPTIBLE
0.775580,3.636034,WANDER,TURN_LEFT,SUSCEPTIBLE
0.772608,3.652881,WANDER,FORWARD,SUSCEPTIBLE
0.762995,3.678992,DIR_LEFT,TURN_LEFT,SUSCEPTIBLE
0.756593,3.694856,DIR_LEFT,TURN_LEFT,SUSCEPTIBLE
0.748606,3.707523,DIR_LEFT,TURN_LEFT,SUSCEPTIBLE
0.738134,3.718220,DIR_LEFT,TURN_LEFT,SUSCEPTIBLE
0.725628,3.726446,DIR_LEFT,TURN_LEFT,SUSCEPTIBLE
0.711658,3.731824,DIR_LEFT,TURN_LEFT,SUSCEPTIBLE
0.696864,3.734108,DIR_LEFT,TURN_LEFT,SUSCEPTIBLE
0.681923,3.733194,DIR_LEFT,TURN_LEFT,SUSCEPTIBLE
0.667518,3.729124,DIR_LEFT,TURN_LEFT,SUSCEPTIBLE
0.654308,3.722084,DIR_LEFT,TURN_LEFT,SUSCEPTIBLE
0.642897,3.712396,DIR_LEFT,TURN_LEFT,SUSCEPTIBLE
0.633807,3.700503,DIR_LEFT,TURN_LEFT,SUSCEPTIBLE
0.627455,3.686948,FOLLOW,FORWARD,SUSCEPTIBLE
0.621410,3.659804,WANDER,FORWARD,SUSCEPTIBLE
0.615939,3.630308,WANDER,FORWARD,SUSCEPTIBLE
0.610531,3.600799,WANDER,TURN_LEFT,SUSCEPTIBLE
0.607447,3.583972,DIR_LEFT,TURN_LEFT,SUSCEPTIBLE
0.607333,3.568998,DIR_LEFT,TURN_LEFT,SUSCEPTIBLE
0.610374,3.554341,DIR_LEFT,TURN_LEFT,SUSCEPTIBLE
0.616462,3.540666,DIR_LEFT,TURN_LEFT,SUSCEPTIBLE
0.625319,3.528598,DIR_LEFT,TURN_LEFT,SUSCEPTIBLE
0.636539,3.518690,DIR_LEFT,TURN_LEFT,SUSCEPTIBLE
0.649610,3.511394,DIR_LEFT,TURN_LEFT,SUSCEPTIBLE
0.663934,3.507045,DIR_LEFT,TURN_LEFT,SUSCEPTIBLE
